1.000000000000000082e-05 9.565583728358026215e-06
1.009262190987048422e-05 1.059642808569196749e-05
1.018610170155975315e-05 1.163380637197786294e-05
1.028044732093309699e-05 1.266530183509056358e-05
1.037566678745184839e-05 1.367943085231546678e-05
1.047176819485520245e-05 1.466613414843916780e-05
1.056875971184804981e-05 1.561715662273445860e-05
1.066664958279538781e-05 1.652629361032390706e-05
1.076544612842315894e-05 1.738949477225610316e-05
1.086515774652537261e-05 1.820483015266200947e-05
1.096579291267809966e-05 1.897233469093157602e-05
1.106736018095974517e-05 1.969375640338631622e-05
1.116986818467822625e-05 2.037223881265292532e-05
1.127332563710487184e-05 2.101196980867817726e-05
1.137774133221490236e-05 2.161782728619888929e-05
1.148312414543511069e-05 2.219504732963765588e-05
1.158948303439811801e-05 2.274893435734281881e-05
1.169682703970384617e-05 2.328462551092272065e-05
1.180516528568805612e-05 2.380691461553584664e-05
1.191450698119774729e-05 2.432013497875243962e-05
1.202486142037412267e-05 2.482809561432749079e-05
1.213623798344241821e-05 2.533406237765639001e-05
1.224864613750930810e-05 2.584077394791559903e-05
1.236209543736769112e-05 2.635048237532712124e-05
1.247659552630868525e-05 2.686500871125177653e-05
1.259215613694150976e-05 2.738580569726434060e-05
1.270878709202059429e-05 2.791402126984683291e-05
1.282649830528059917e-05 2.845055846073118812e-05
1.294529978227916069e-05 2.899612893747934730e-05
1.306520162124719865e-05 2.955129881294314473e-05
1.318621401394748594e-05 3.011652640486069818e-05
1.330834724654076001e-05 3.069219235153720156e-05
1.343161170046015399e-05 3.127862292579570432e-05
1.355601785329368979e-05 3.187610759536305713e-05
1.368157627967470456e-05 3.248491191668858110e-05
1.380829765218092365e-05 3.310528677934560730e-05
1.393619274224143468e-05 3.373747488803809921e-05
1.406527242105236405e-05 3.438171521510839190e-05
1.419554766050101529e-05 3.503824600284439616e-05
1.432702953409829478e-05 3.570730675634390029e-05
1.445972921792019565e-05 3.638913955110888892e-05
1.459365799155757585e-05 3.708398988655088580e-05
1.472882723907501804e-05 3.779210724562907797e-05
1.486524844997857153e-05 3.851374546872737218e-05
1.500293322019216782e-05 3.924916301288249937e-05
1.514189325304351951e-05 3.999862314202192256e-05
1.528214036025870806e-05 4.076239407685310669e-05
1.542368646296627532e-05 4.154074912197459527e-05
1.556654359271061883e-05 4.233396678075884505e-05
1.571072389247448757e-05 4.314233086421364585e-05
1.585623961771137294e-05 4.396613059740475622e-05
1.600310313738701696e-05 4.480566072547337287e-05
1.615132693503089535e-05 4.566122162038732028e-05
1.630092360979741085e-05 4.653311938905985303e-05
1.645190587753660725e-05 4.742166598319055051e-05
1.660428657187529514e-05 4.832717931103220883e-05
1.675807864530768815e-05 4.924998335120738977e-05
1.691329517029647124e-05 5.019040826865761573e-05
1.706994934038408082e-05 5.114879053278707799e-05
1.722805447131392224e-05 5.212547303785348269e-05
1.738762400216250392e-05 5.312080522565334648e-05
1.754867149648151891e-05 5.413514321054829472e-05
1.771121064345086685e-05 5.516884990687787152e-05
1.787525525904235524e-05 5.622229515880479141e-05
1.804081928719380908e-05 5.729585587263963923e-05
1.820791680099462562e-05 5.838991615169205262e-05
1.837656200388172389e-05 5.950486743369693874e-05
1.854676923084697663e-05 6.064110863086482624e-05
1.871855294965579252e-05 6.179904627260642902e-05
1.889192776207664550e-05 6.297909465098252147e-05
1.906690840512252017e-05 6.418167596893130258e-05
1.924350975230332110e-05 6.540722049132584618e-05
1.942174681489024571e-05 6.665616669891627434e-05
1.960163474319185636e-05 6.792896144521142648e-05
1.978318882784162123e-05 6.922606011635592160e-05
1.996642450109793374e-05 7.054792679406036093e-05
2.015135733815558378e-05 7.189503442164248603e-05
2.033800305846979900e-05 7.326786497323889652e-05
2.052637752709252056e-05 7.466690962624797476e-05
2.071649675602066959e-05 7.609266893706547841e-05
2.090837690555749843e-05 7.754565302017577932e-05
2.110203428568596656e-05 7.902638173066297428e-05
2.129748535745518782e-05 8.053538485020689253e-05
2.149474673437980673e-05 8.207320227663065149e-05
2.169383518385182289e-05 8.364038421706787563e-05
2.189476762856620837e-05 8.523749138481807300e-05
2.209756114795903079e-05 8.686509519996125233e-05
2.230223297965936262e-05 8.852377799380297231e-05
2.250880052095461772e-05 9.021413321722364343e-05
2.271728133026907441e-05 9.193676565300576767e-05
2.292769312865648647e-05 9.369229163221597231e-05
2.314005380130654141e-05 9.548133925471862654e-05
2.335438139906476958e-05 9.730454861390020111e-05
2.357069413996727640e-05 9.916257202568464272e-05
2.378901041078895599e-05 1.010560742619219727e-04
2.400934876860651764e-05 1.029857327882331870e-04
2.423172794237600676e-05 1.049522380063970420e-04
2.445616683452444078e-05 1.069562935013649598e-04
2.468268452255692542e-05 1.089986162929927968e-04
2.491130026067790961e-05 1.110799370925793405e-04
2.514203348142796490e-05 1.132010005643035300e-04
2.537490379733571647e-05 1.153625655916536960e-04
2.560993100258456690e-05 1.175654055489441346e-04
2.584713507469563873e-05 1.198103085780165663e-04
2.608653617622550639e-05 1.220980778702249257e-04
2.632815465648020122e-05 1.244295319538046114e-04
2.657201105324506616e-05 1.268055049867294513e-04
2.681812609453012821e-05 1.292268470551600893e-04
2.706652070033241139e-05 1.316944244775919003e-04
2.731721598441379118e-05 1.342091201148099325e-04
2.757023325609582679e-05 1.367718336857629978e-04
2.782559402207125977e-05 1.393834820894691243e-04
2.808331998823169760e-05 1.420449997330675137e-04
2.834343306151309184e-05 1.447573388661350458e-04
2.860595535175744877e-05 1.475214699213863486e-04
2.887090917359234806e-05 1.503383818618795156e-04
2.913831704832788665e-05 1.532090825348515284e-04
2.940820170587060722e-05 1.561345990323105917e-04
2.968058608665602425e-05 1.591159780585133399e-04
2.995549334359816181e-05 1.621542863044596794e-04
3.023294684405776334e-05 1.652506108295378887e-04
3.051297017182870932e-05 1.684060594504577268e-04
3.079558712914223269e-05 1.716217611376100541e-04
3.108082173869063645e-05 1.748988664189946463e-04
3.136869824566879892e-05 1.782385477918614560e-04
3.165924111983520818e-05 1.816420001422115803e-04
3.195247505759213607e-05 1.851104411723092369e-04
3.224842498408438932e-05 1.886451118363562910e-04
3.254711605531847757e-05 1.922472767844867598e-04
3.284857366030047033e-05 1.959182248152384776e-04
3.315282342319423014e-05 1.996592693366654994e-04
3.345989120549975091e-05 2.034717488362549308e-04
3.376980310825087640e-05 2.073570273598169947e-04
3.408258547423451975e-05 2.113164949995192054e-04
3.439826489022928348e-05 2.153515683912398282e-04
3.471686818926559409e-05 2.194636912214181930e-04
3.503842245290675507e-05 2.236543347435832453e-04
3.536295501355038955e-05 2.279249983047446787e-04
3.569049345675229896e-05 2.322772098818368710e-04
3.602106562357073851e-05 2.367125266284044111e-04
3.635469961293317630e-05 2.412325354317276522e-04
3.669142378402493983e-05 2.458388534805864569e-04
3.703126675869923475e-05 2.505331288438650966e-04
3.737425742391064343e-05 2.553170410602053340e-04
3.772042493417001620e-05 2.601923017389196763e-04
3.806979871402284228e-05 2.651606551723781173e-04
3.842240846055060586e-05 2.702238789600891651e-04
3.877828414589453094e-05 2.753837846446968479e-04
3.913745601980384264e-05 2.806422183601229529e-04
3.949995461220647160e-05 2.860010614920846734e-04
3.986581073580438997e-05 2.914622313512250516e-04
4.023505548869292872e-05 2.970276818590973427e-04
4.060772025700369657e-05 3.026994042472471369e-04
4.098383671757261184e-05 3.084794277696444259e-04
4.136343684063277602e-05 3.143698204287188836e-04
4.174655289253134888e-05 3.203726897152589471e-04
4.213321743847289172e-05 3.264901833624395708e-04
4.252346334528686112e-05 3.327244901142468840e-04
4.291732378422157766e-05 3.390778405085778506e-04
4.331483223376403243e-05 3.455525076752908589e-04
4.371602248248502334e-05 3.521508081494969969e-04
4.412092863191189777e-05 3.588751027003800288e-04
4.452958509942659792e-05 3.657277971758425800e-04
4.494202662119142105e-05 3.727113433632815091e-04
4.535828825510191179e-05 3.798282398667989727e-04
4.577840538376616169e-05 3.870810330011640872e-04
4.620241371751313139e-05 3.944723177028448130e-04
4.663034929742735962e-05 4.020047384584358075e-04
4.706224849841281693e-05 4.096809902508145016e-04
4.749814803228504342e-05 4.175038195233642677e-04
4.793808495089106934e-05 4.254760251626083152e-04
4.838209664925957121e-05 4.336004594996088497e-04
4.883022086877885140e-05 4.418800293304859747e-04
4.928249570040513461e-05 4.503176969564242596e-04
4.973895958790067998e-05 4.589164812435378806e-04
5.019965133110079395e-05 4.676794587029742376e-04
5.066461008921268477e-05 4.766097645916412108e-04
5.113387538414331267e-05 4.857105940339541167e-04
5.160748710385907483e-05 4.949852031650004260e-04
5.208548550577665455e-05 5.044369102955348393e-04
5.256791122018419400e-05 5.140690970992197514e-04
5.305480525369573859e-05 5.238852098225337808e-04
5.354620899273612700e-05 5.338887605177869249e-04
5.404216420705915271e-05 5.440833282996769419e-04
5.454271305329835997e-05 5.544725606258417297e-04
5.504789807854967469e-05 5.650601746018620898e-04
5.555776222398877724e-05 5.758499583111847692e-04
5.607234882852038467e-05 5.868457721704397950e-04
5.659170163246242386e-05 5.980515503106371717e-04
5.711586478126435033e-05 6.094713019847371226e-04
5.764488282925873171e-05 6.211091130021003043e-04
5.817880074344935527e-05 6.329691471903244266e-04
5.871766390733261363e-05 6.450556478849985356e-04
5.926151812475552303e-05 6.573729394479018839e-04
5.981040962380943893e-05 6.699254288141933897e-04
6.036438506075863543e-05 6.827176070691436550e-04
6.092349152400711648e-05 6.957540510549771202e-04
6.148777653810029084e-05 7.090394250083932376e-04
6.205728806776500081e-05 7.225784822293583121e-04
6.263207452198692193e-05 7.363760667817626946e-04
6.321218475812448011e-05 7.504371152265504807e-04
6.379766808606282991e-05 7.647666583879451311e-04
6.438857427240425525e-05 7.793698231533995264e-04
6.498495354469888900e-05 7.942518343079167480e-04
6.558685659571435525e-05 8.094180164033962276e-04
6.619433458774387382e-05 8.248737956636762771e-04
6.680743915695614712e-05 8.406247019259522517e-04
6.742622241778349222e-05 8.566763706192656461e-04
6.805073696735206717e-05 8.730345447807739490e-04
6.868103588995308007e-05 8.897050771105188913e-04
6.931717276155400522e-05 9.066939320654316455e-04
6.995920165435375016e-05 9.240071879933236176e-04
7.060717714137780261e-05 9.416510393076235087e-04
7.126115430111745026e-05 9.596317987036419219e-04
7.192118872221193494e-05 9.779558994171563911e-04
7.258733650817245705e-05 9.966298975261228283e-04
7.325965428215229914e-05 1.015660474296336841e-03
7.393819919175873207e-05 1.035054438571888970e-03
7.462302891391108092e-05 1.054818729211260504e-03
7.531420165974375832e-05 1.074960417569940452e-03
7.601177617955322144e-05 1.095486710030447531e-03
7.671581176779302693e-05 1.116404950580658769e-03
7.742636826811278249e-05 1.137722623441376080e-03
7.814350607844542675e-05 1.159447355744064496e-03
7.886728615614156353e-05 1.181586920259718567e-03
7.959777002314977982e-05 1.204149238179840929e-03
8.033501977124735203e-05 1.227142381950520984e-03
8.107909806731694959e-05 1.250574578160630222e-03
8.183006815867388940e-05 1.274454210485166357e-03
8.258799387844272151e-05 1.298789822684804458e-03
8.335293965098187206e-05 1.323590121662718885e-03
8.412497049736118173e-05 1.348863980579779326e-03
8.490415204088755570e-05 1.374620442029228550e-03
8.569055051268346837e-05 1.400868721271982670e-03
8.648423275731726594e-05 1.427618209533706647e-03
8.728526623848370818e-05 1.454878477364849633e-03
8.809371904473991286e-05 1.482659278064839270e-03
8.890965989529167504e-05 1.510970551171658596e-03
8.973315814583520257e-05 1.539822426018059524e-03
9.056428379445293972e-05 1.569225225355680344e-03
9.140310748756223216e-05 1.599189469048364811e-03
9.224970052592173923e-05 1.629725877836006630e-03
9.310413487069085011e-05 1.660845377170261589e-03
9.396648314954690162e-05 1.692559101123506434e-03
9.483681866285927585e-05 1.724878396372434442e-03
9.571521538991856182e-05 1.757814826257721218e-03
9.660174799522645947e-05 1.791380174921207045e-03
9.749649183484096449e-05 1.825586451522079193e-03
9.839952296278226841e-05 1.860445894533564260e-03
9.931091813749800526e-05 1.895970976121659707e-03
1.002307548283865436e-04 1.932174406607484489e-03
1.011591112223829728e-04 1.969069139014829970e-03
1.020960662306046523e-04 2.006668373704555228e-03
1.030416994950587503e-04 2.044985563097465823e-03
1.039960913954120295e-04 2.084034416487383010e-03
1.049593230558227707e-04 2.123828904946116654e-03
1.059314763518370031e-04 2.164383266322093043e-03
1.069126339173476057e-04 2.205712010334440632e-03
1.079028791516183647e-04 2.247829923764338260e-03
1.089022962263730567e-04 2.290752075745496746e-03
1.099109700929497193e-04 2.334493823155657337e-03
1.109289864895222780e-04 2.379070816111049022e-03
1.119564319483878348e-04 2.424499003565750658e-03
1.129933938033221666e-04 2.470794639017984042e-03
1.140399601970033122e-04 2.517974286325357167e-03
1.150962200885032326e-04 2.566054825631157096e-03
1.161622632608501891e-04 2.615053459403803189e-03
1.172381803286598597e-04 2.664987718591621275e-03
1.183240627458377961e-04 2.715875468895145774e-03
1.194200028133532475e-04 2.767734917159184529e-03
1.205260936870842587e-04 2.820584617886950918e-03
1.216424293857368039e-04 2.874443479878572173e-03
1.227691047988359264e-04 2.929330772996363921e-03
1.239062156947915523e-04 2.985266135059287413e-03
1.250538587290391272e-04 3.042269578869057512e-03
1.262121314522547384e-04 3.100361499370405532e-03
1.273811323186478520e-04 3.159562680948081650e-03
1.285609606943296460e-04 3.219894304863177726e-03
1.297517168657586742e-04 3.281377956831453731e-03
1.309535020482667609e-04 3.344035634746372193e-03
1.321664183946605190e-04 3.407889756549600194e-03
1.333905690039058638e-04 3.472963168251805635e-03
1.346260579298911035e-04 3.539279152106595324e-03
1.358729901902709127e-04 3.606861434940546954e-03
1.371314717753945468e-04 3.675734196642301780e-03
1.384016096573131502e-04 3.745922078813747683e-03
1.396835117988739626e-04 3.817450193586399091e-03
1.409772871628967624e-04 3.890344132606135714e-03
1.422830457214352027e-04 3.964629976189482444e-03
1.436008984651260766e-04 4.040334302654755017e-03
1.449309574126216591e-04 4.117484197831353110e-03
1.462733356201129868e-04 4.196107264750663368e-03
1.476281471909391145e-04 4.276231633521988471e-03
1.489955072852853580e-04 4.357885971397072733e-03
1.503755321299738291e-04 4.441099493026811652e-03
1.517683390283405451e-04 4.525901970913835150e-03
1.531740463702079740e-04 4.612323746064723659e-03
1.545927736419478403e-04 4.700395738845728096e-03
1.560246414366367928e-04 4.790149460045987038e-03
1.574697714643086743e-04 4.881617022152460843e-03
1.589282865622978103e-04 4.974831150841102501e-03
1.604003107056819902e-04 5.069825196689464221e-03
1.618859690178199096e-04 5.166633147116957842e-03
1.633853877809860280e-04 5.265289638561222382e-03
1.648986944471065013e-04 5.365829968902818999e-03
1.664260176485903616e-04 5.468290110157754229e-03
1.679674872092653225e-04 5.572706721470289080e-03
1.695232341554121379e-04 5.679117162461679545e-03
1.710933907269013374e-04 5.787559507030875898e-03
1.726780903884355897e-04 5.898072557772486048e-03
1.742774678408919205e-04 6.010695861293362079e-03
1.758916590327732731e-04 6.125469724899679051e-03
1.775208011717636101e-04 6.242435235432446279e-03
1.791650327363899435e-04 6.361634281509692852e-03
1.808244934877951721e-04 6.483109581170236856e-03
1.824993244816152445e-04 6.606904718016182350e-03
1.841896680799710861e-04 6.733064190558959647e-03
1.858956679635688372e-04 6.861633481755867632e-03
1.876174691439119540e-04 6.992659158871585186e-03
1.893552179756295359e-04 7.126189018006298496e-03
1.911090621689137778e-04 7.262272293065379428e-03
1.928791508020777693e-04 7.400959955694224636e-03
1.946656343342263208e-04 7.542305140711400013e-03
1.964686646180444540e-04 7.686363740561614512e-03
1.982883949127071325e-04 7.833195221676905393e-03
2.001249798969037010e-04 7.982863724373257322e-03
2.019785756819878484e-04 8.135439514549779039e-03
2.038493398252464264e-04 8.291000858055680087e-03
2.057374313432911621e-04 8.449636384812889839e-03
2.076430107255774669e-04 8.611447997095027576e-03
2.095662399480432926e-04 8.776554352355721636e-03
2.115072824868794756e-04 8.945094913832260519e-03
2.134663033324245458e-04 9.117234511102929179e-03
2.154434690031882321e-04 9.293168288816664249e-03
2.174389475600079977e-04 9.473126848099151787e-03
2.194529086203313715e-04 9.657381307316645694e-03
2.214855233726359179e-04 9.846247935050803091e-03
2.235369645909796640e-04 1.004009194839599640e-02
2.256074066496859128e-04 1.023933003515005262e-02
2.276970255381680010e-04 1.044443115984800344e-02
2.298059988758851082e-04 1.065591525946030065e-02
2.319345059274427543e-04 1.087434952954215855e-02
2.340827276178294449e-04 1.110034214471050835e-02
2.362508465477945068e-04 1.133453344098694048e-02
2.384390470093720473e-04 1.157758479751306961e-02
2.406475150015424170e-04 1.183016567138815180e-02
2.428764382460450548e-04 1.209293943813769499e-02
2.451260062033339864e-04 1.236654884703730639e-02
2.473964100886811538e-04 1.265160199324888608e-02
2.496878428884326717e-04 1.294865972152499378e-02
2.520004993764092018e-04 1.325822530185377136e-02
2.543345761304648361e-04 1.358073705884780755e-02
2.566902715491951956e-04 1.391656440718475052e-02
2.590677858688006222e-04 1.426600746692940729e-02
2.614673211801091831e-04 1.462930013277759581e-02
2.638890814457510296e-04 1.500661617972103186e-02
2.663332725174980963e-04 1.539807773172807183e-02
2.688001021537607393e-04 1.580376522142979204e-02
2.712897800372464623e-04 1.622372784099747334e-02
2.738025177927857720e-04 1.665799343184531586e-02
2.763385290053169780e-04 1.710657677961950618e-02
2.788980292380439777e-04 1.756948536112759932e-02
2.814812360507581339e-04 1.804672171836882791e-02
2.840883690183301021e-04 1.853828179895022216e-02
2.867196497493769728e-04 1.904414879250359433e-02
2.893753019050950264e-04 1.956428220496059245e-02
2.920555512182745244e-04 2.009860214778590171e-02
2.947606255124858598e-04 2.064696908252264956e-02
2.974907547214440586e-04 2.120915955815728948e-02
3.002461709085549389e-04 2.178483881250900187e-02
3.030271082866396216e-04 2.237353147405300377e-02
3.058338032378431388e-04 2.297459198078231207e-02
3.086664943337274645e-04 2.358717669774858250e-02
3.115254223555488059e-04 2.421022002136561171e-02
3.144108303147264728e-04 2.484241695308694875e-02
3.173229634734976343e-04 2.548221465097499569e-02
3.202620693657650080e-04 2.612781527391408801e-02
3.232283978181380805e-04 2.677719198479797114e-02
3.262222009711669896e-04 2.742811926706765005e-02
3.292437333007768767e-04 2.807821775841922232e-02
3.322932516398971773e-04 2.872501267849555603e-02
3.353710152002928996e-04 2.936600372098864542e-02
3.384772855945983230e-04 2.999874311819714437e-02
3.416123268585528460e-04 3.062091760309456831e-02
3.447764054734464112e-04 3.123042931947533213e-02
3.479697903887691386e-04 3.182547046811111391e-02
3.511927530450727588e-04 3.240458668627161504e-02
3.544455673970435734e-04 3.296672484445027640e-02
3.577285099367873231e-04 3.351126205326544760e-02
3.610418597173337151e-04 3.403801409623517793e-02
3.643858983763544296e-04 3.454722309019542942e-02
3.677609101601030626e-04 3.503952575311072848e-02
3.711671819475766804e-04 3.551590505966591149e-02
3.746050032748993088e-04 3.597762914411547358e-02
3.780746663599348950e-04 3.642618196680893344e-02
3.815764661271248614e-04 3.686319045009228690e-02
3.851107002325568655e-04 3.729035252332568717e-02
3.886776690892667719e-04 3.770936986029314181e-02
3.922776758927719386e-04 3.812188814987645114e-02
3.959110266468458469e-04 3.852944664019680027e-02
3.995780301895269734e-04 3.893343757041661801e-02
4.032789982193705223e-04 3.933507507506797674e-02
4.070142453219438875e-04 3.973537231198846775e-02
4.107840889965647048e-04 4.013512499504156422e-02
4.145888496832911426e-04 4.053489924219956519e-02
4.184288507901584705e-04 4.093502168236978073e-02
4.223044187206672164e-04 4.133557007751234580e-02
4.262158829015325078e-04 4.173636326518071621e-02
4.301635758106795273e-04 4.213694994884463474e-02
4.341478330055092592e-04 4.253659668496082014e-02
4.381689931514194582e-04 4.293427625359710204e-02
4.422273980505897289e-04 4.332865836501760548e-02
4.463233926710397158e-04 4.371810525856260204e-02
4.504573251759458222e-04 4.410067510800241841e-02
4.546295469532399291e-04 4.447413618793619877e-02
4.588404126454761296e-04 4.483599443001269613e-02
4.630902801799736631e-04 4.518353628973147129e-02
4.673795107992463507e-04 4.551388777955869824e-02
4.717084690917017252e-04 4.582408917341417032e-02
4.760775230226367994e-04 4.611118336780239274e-02
4.804870439655133953e-04 4.637231434964494275e-02
4.849374067335233355e-04 4.660483084565626016e-02
4.894289896114531989e-04 4.680638918878499838e-02
4.939621743878321080e-04 4.697504888573405396e-02
4.985373463873893265e-04 4.710935441008876068e-02
5.031548945038056761e-04 4.720839741586015104e-02
5.078152112327670659e-04 4.727185482746534828e-02
5.125186927053333079e-04 4.729999999999999483e-02
5.172657387216019441e-04 4.729368618102926247e-02
5.220567527846975506e-04 4.725430362499485892e-02
5.268921421350676549e-04 4.718371368603509891e-02
5.317723177850966487e-04 4.708416483729947755e-02
5.366976945540475642e-04 4.695819667552490057e-02
5.416686911033152330e-04 4.680853847733713879e-02
5.466857299720180412e-04 4.663800876372296844e-02
5.517492376129128854e-04 4.644942166041730880e-02
5.568596444286409188e-04 4.624550473387324667e-02
5.620173848083188321e-04 4.602883159353007153e-02
5.672228971644543115e-04 4.580177105429551060e-02
5.724766239702178735e-04 4.556645321210282124e-02
5.777790117970506940e-04 4.532475153461156675e-02
5.831305113526218760e-04 4.507827910123946707e-02
5.885315775191450214e-04 4.482839648750316930e-02
5.939826693920356769e-04 4.457622847930570176e-02
5.994842503189408769e-04 4.432268678802005896e-02
6.050367879391224625e-04 4.406849615664840819e-02
6.106407542232036075e-04 4.381422162820467620e-02
6.162966255132942741e-04 4.356029521608235228e-02
6.220048825634712014e-04 4.330704070695865632e-02
6.277660105806500508e-04 4.305469578808982650e-02
6.335804992658254208e-04 4.280343108740642527e-02
6.394488428556936938e-04 4.255336602743938629e-02
6.453715401646702068e-04 4.230458161735000527e-02
6.513490946272802555e-04 4.205713044604807160e-02
6.573820143409585173e-04 4.181104420496890850e-02
6.634708121092351002e-04 4.156633907612369144e-02
6.696160054853215549e-04 4.132301928467729812e-02
6.758181168161110511e-04 4.108107904954164113e-02
6.820776732865685421e-04 4.084050308238492549e-02
6.883952069645496224e-04 4.060126569522153062e-02
6.947712548460240100e-04 4.036332848816161917e-02
7.012063589007177470e-04 4.012663651022521649e-02
7.077010661181889735e-04 3.989111272591440438e-02
7.142559285543126617e-04 3.965665058793103881e-02
7.208715033782135597e-04 3.942310452246420432e-02
7.275483529196232748e-04 3.919027818874292607e-02
7.342870447166758088e-04 3.895791048909733739e-02
7.410881515641569396e-04 3.872565948675232156e-02
7.479522515621820798e-04 3.849308463765836047e-02
7.548799281653431614e-04 3.825962805321351384e-02
7.618717702322999347e-04 3.802459586532157959e-02
7.689283720758305352e-04 3.778714113412723341e-02
7.760503335133571478e-04 3.754625008005851167e-02
7.832382599179196639e-04 3.730073368379849957e-02
7.904927622696419996e-04 3.704922682393691630e-02
7.978144572076628855e-04 3.679019705819577130e-02
8.052039670825469593e-04 3.652196485758548578e-02
8.126619200091945907e-04 3.624273655179522519e-02
8.201889499202202980e-04 3.595065044575496832e-02
8.277856966198472461e-04 3.564383556295616651e-02
8.354528058382871408e-04 3.532048133660646572e-02
8.431909292866251451e-04 3.497891540999140125e-02
8.510007247122246699e-04 3.461768564556548522e-02
8.588828559546249353e-04 3.423564160378293753e-02
8.668379930019773794e-04 3.383201024756254949e-02
8.748668120479914266e-04 3.340646053417026945e-02
8.829699955494082608e-04 3.295915190551583496e-02
8.911482322840201704e-04 3.249076246156658299e-02
8.994022174092044554e-04 3.200249373252253560e-02
9.077326525210223113e-04 3.149605034902853984e-02
9.161402457138521178e-04 3.097359442174250216e-02
9.246257116405733924e-04 3.043767595834322506e-02
9.331897715733238540e-04 2.989114206304877008e-02
9.418331534647951184e-04 2.933702890815767864e-02
9.505565920101191743e-04 2.877844150136517343e-02
9.593608287093146345e-04 2.821842708742135220e-02
9.682466119303123836e-04 2.765984862227362229e-02
9.772146969725724417e-04 2.710526514061523812e-02
9.862658461312820684e-04 2.655682597902770878e-02
9.954008287621518049e-04 2.601618565924239748e-02
1.004620421346813248e-03 2.548444569249443473e-02
1.013925407558815411e-03 2.496212853774153889e-02
1.023316578330244831e-03 2.444918735353608305e-02
1.032794731918951518e-03 2.394505300119745966e-02
1.042360673976401152e-03 2.344871705185546176e-02
1.052015217616159145e-03 2.295884650100508267e-02
1.061759183483000071e-03 2.247392279404112486e-02
1.071593399822671090e-03 2.199239499485645261e-02
1.081518702552288110e-03 2.151283490210603028e-02
1.091535935331391146e-03 2.103408101298248969e-02
1.101645949633656921e-03 2.055535871740176226e-02
1.111849604819271095e-03 2.007636606061608334e-02
1.122147768207980290e-03 1.959731770252923222e-02
1.132541315152811546e-03 1.911894396791495240e-02
1.143031129114478739e-03 1.864244658376771127e-02
1.153618101736478534e-03 1.816941720008084793e-02
1.164303132920876775e-03 1.770172845876148704e-02
1.175087130904807617e-03 1.724140970235943024e-02
1.185971012337669371e-03 1.679052010307601275e-02
1.196955702359042868e-03 1.635103101410083359e-02
1.208042134677328851e-03 1.592472694202970093e-02
1.219231251649110712e-03 1.551313117570071037e-02
1.230524004359261634e-03 1.511745837888113335e-02
1.241921352701783358e-03 1.473859297359884739e-02
1.253424265461399551e-03 1.437708942185185121e-02
1.265033720395903781e-03 1.403318888418414109e-02
1.276750704319265777e-03 1.370684629021660245e-02
1.288576213185518111e-03 1.339776246635506624e-02
1.300511252173408528e-03 1.310541731881572150e-02
1.312556835771842671e-03 1.282910175857231334e-02
1.324713987866117399e-03 1.256794766888959941e-02
1.336983741824946661e-03 1.232095642735952894e-02
1.349367140588306375e-03 1.208702711328574382e-02
1.361865236756081400e-03 1.186498552795707886e-02
1.374479092677536717e-03 1.165361464317193028e-02
1.387209780541621062e-03 1.145168628362832654e-02
1.400058382468097589e-03 1.125799299016793514e-02
1.413025990599533653e-03 1.107137832918819731e-02
1.426113707194128248e-03 1.089076356536029626e-02
1.439322644719406375e-03 1.071516866322573536e-02
1.452653925946781202e-03 1.054372599825590361e-02
1.466108684046984459e-03 1.037568583724978247e-02
1.479688062686396275e-03 1.021041345044676300e-02
1.493393216124251719e-03 1.004737850003839701e-02
1.507225309310755452e-03 9.886137996732413322e-03
1.521185517986104949e-03 9.726314559568887547e-03
1.535275028780422714e-03 9.567571938019426431e-03
1.549495039314631537e-03 9.409589787067112326e-03
1.563846758302246112e-03 9.252039580254377629e-03
1.578331405652118108e-03 9.094563364670049319e-03
1.592950212572122977e-03 8.936756856750969341e-03
1.607704421673823627e-03 8.778158176596734946e-03
1.622595287078087110e-03 8.618243321436036899e-03
1.637624074521687283e-03 8.456429261681443557e-03
1.652792061464895606e-03 8.292085266686032019e-03
1.668100537200059227e-03 8.124552691678190580e-03
1.683550802961202323e-03 7.953172955232066729e-03
1.699144172034625999e-03 7.777322805893437628e-03
1.714881969870539046e-03 7.596455247516485827e-03
1.730765534195725843e-03 7.410143729433086961e-03
1.746796215127245774e-03 7.218126501926528174e-03
1.762975375287205784e-03 7.020347498307647448e-03
1.779304389918577242e-03 6.816989841083152639e-03
1.795784647002095051e-03 6.608498171697431423e-03
1.812417547374237711e-03 6.395586525059673670e-03
1.829204504846293749e-03 6.179229414672811338e-03
1.846146946324547485e-03 5.960635106226126571e-03
1.863246311931559835e-03 5.741201623785451708e-03
1.880504055128581460e-03 5.522457692330325595e-03
1.897921642839101508e-03 5.305992383471641420e-03
1.915500555573527823e-03 5.093378503819812227e-03
1.933242287555045260e-03 4.886095577340958916e-03
1.951148346846616304e-03 4.685458503402237414e-03
1.969220255479171497e-03 4.492557569907936268e-03
1.987459549580983600e-03 4.308214494777617629e-03
2.005867779508234156e-03 4.132957666471677796e-03
2.024446509976803900e-03 3.967017928165502555e-03
2.043197320195270540e-03 3.810344315358431440e-03
2.062121803999142529e-03 3.662637340144951539e-03
2.081221569986339229e-03 3.523395924496073358e-03
2.100498241653915316e-03 3.391973079208090557e-03
2.119953457536071038e-03 3.267634995674125777e-03
2.139588871343421454e-03 3.149618377086418810e-03
2.159406152103565419e-03 3.037181520948715931e-03
2.179406984302956034e-03 2.929645750343041425e-03
2.199593068030074750e-03 2.826425111304060617e-03
2.219966119119954652e-03 2.727043627958733799e-03
2.240527869300018224e-03 2.631140668228441025e-03
2.261280066337277312e-03 2.538465987868685023e-03
2.282224474186898746e-03 2.448866705827050516e-03
2.303362873142131284e-03 2.362268790930783808e-03
2.324697059985648094e-03 2.278655632399082410e-03
2.346228848142262267e-03 2.198045989578431818e-03
2.367960067833076079e-03 2.120473160277631334e-03
2.389892566231050126e-03 2.045966670945635613e-03
2.412028207618007077e-03 1.974537266261634436e-03
2.434368873543110365e-03 1.906165530022740136e-03
2.456916462982790088e-03 1.840794144391187789e-03
2.479672892502157722e-03 1.778323600948517134e-03
2.502640096417919208e-03 1.718611097907748629e-03
2.525820026962784671e-03 1.661472357163851655e-03
2.549214654451422910e-03 1.606686127206874556e-03
2.572825967447932034e-03 1.554001159161079882e-03
2.596655972934869619e-03 1.503145419823667152e-03
2.620706696483852353e-03 1.453837221143518786e-03
2.644980182427719966e-03 1.405797803567560445e-03
2.669478494034320699e-03 1.358764733158581307e-03
2.694203713681882304e-03 1.312505295097140352e-03
2.719157943036018890e-03 1.266828930950539755e-03
2.744343303228365376e-03 1.221597713043980245e-03
2.769761935036890721e-03 1.176733904477208961e-03
2.795415999067856535e-03 1.132223828523334485e-03
2.821307675939470957e-03 1.088117556653170163e-03
2.847439166467247759e-03 1.044524290958231266e-03
2.873812691851066348e-03 1.001603719868445451e-03
2.900430493863991651e-03 9.595540135246761115e-04
2.927294835042816134e-03 9.185974456462446796e-04
2.954407998880379926e-03 8.789648403462244465e-04
2.981772290019673362e-03 8.408801193430238659e-04
3.009390034449721096e-03 8.045461614704092594e-04
3.037263579703311511e-03 7.701329963346505028e-04
3.065395295056526793e-03 7.377690681524743223e-04
3.093787571730136510e-03 7.075359658563334106e-04
3.122442823092857773e-03 6.794666668277469807e-04
3.151363484866479339e-03 6.535470260916430426e-04
3.180552015332919948e-03 6.297199932751776493e-04
3.210010895543171858e-03 6.078918760934057730e-04
3.239742629528195514e-03 5.879398976335733704e-04
3.269749744511767954e-03 5.697203086413895863e-04
3.300034791125285374e-03 5.530763990679985918e-04
3.330600343624588386e-03 5.378458833431292319e-04
3.361449000108765288e-03 5.238672876787439084e-04
3.392583382740991908e-03 5.109851236573541462e-04
3.424006137971425789e-03 4.990537733929479441e-04
3.455719936762139538e-03 4.879401264017046080e-04
3.487727474814177487e-03 4.775250915840722685e-04
3.520031472796678832e-03 4.677041590849409058e-04
3.552634676578139260e-03 4.583872097152277554e-04
3.585539857459817126e-03 4.494977697990509835e-04
3.618749812411280273e-03 4.409718933359519960e-04
3.652267364308175480e-03 4.327568275871079080e-04
3.686095362172158059e-03 4.248095880080740940e-04
3.720236681413065759e-03 4.170955379583104702e-04
3.754694224073336969e-03 4.095870405696066955e-04
3.789470919074667578e-03 4.022622261046094466e-04
3.824569722466999305e-03 3.951038986976732471e-04
3.859993617679767074e-03 3.880985915043373420e-04
3.895745615775501273e-03 3.812357685575508848e-04
3.931828755705770589e-03 3.745071644088886274e-04
3.968246104569481472e-03 3.679062482383424091e-04
4.005000757873610970e-03 3.614277968957233401e-04
4.042095839796306170e-03 3.550675607149294372e-04
4.079534503452449112e-03 3.488220064356821622e-04
4.117319931161679374e-03 3.426881227840720902e-04
4.155455334718875619e-03 3.366632758959177234e-04
4.193943955667186335e-03 3.307451035822325455e-04
4.232789065573549017e-03 3.249314392642825371e-04
4.271993966306776754e-03 3.192202581306131264e-04
4.311561990318228677e-03 3.136096396178643278e-04
4.351496500925049540e-03 3.080977416540434241e-04
4.391800892596085977e-03 3.026827832166123066e-04
4.432478591240396164e-03 2.973630326565109916e-04
4.473533054498463057e-03 2.921367999433063887e-04
4.514967772036101654e-03 2.870024315226135550e-04
4.556786265841063742e-03 2.819583068733446198e-04
4.598992090522438167e-03 2.770028361366717157e-04
4.641588833612777208e-03 2.721344583852561782e-04
4.684580115873045354e-03 2.673516402307291994e-04
4.727969591600390473e-03 2.626528745457647912e-04
4.771760948938746048e-03 2.580366791166333789e-04
4.815957910192351227e-03 2.535015950518004746e-04
4.860564232142134018e-03 2.490461847585376254e-04
4.905583706365045267e-03 2.446690292678085931e-04
4.951020159556351191e-03 2.403687246428162110e-04
4.996877453854883626e-03 2.361438771542648501e-04
5.043159487171358993e-03 2.319930968531853834e-04
5.089870193519680126e-03 2.279149891303348626e-04
5.137013543351344122e-03 2.239081438330813890e-04
5.184593543892912840e-03 2.199711215326665109e-04
5.232614239486662287e-03 2.161024366151627514e-04
5.281079711934331088e-03 2.123005370267549714e-04
5.329994080844087725e-03 2.085637807536573521e-04
5.379361503980703563e-03 2.048904094676328401e-04
5.429186177618942899e-03 2.012785202169194751e-04
5.479472336900287170e-03 1.977260365708502271e-04
5.530224256192900478e-03 1.942306811970167244e-04
5.581446249454960484e-03 1.907899524047711160e-04
5.633142670601357267e-03 1.874011076524292245e-04
5.685317913873753209e-03 1.840611573000031401e-04
5.737976414214134013e-03 1.807668719050756830e-04
5.791122647641758041e-03 1.775148060287603732e-04
5.844761131633631479e-03 1.743013407910708971e-04
5.898896425508499790e-03 1.711227462821675793e-04
5.953533130814370189e-03 1.679752634432499930e-04
6.008675891719686586e-03 1.648552032823220935e-04
6.064329395408061575e-03 1.617590594444524063e-04
6.120498372476696446e-03 1.586836284132913592e-04
6.177187597338494422e-03 1.556261301983853749e-04
6.234401888627863660e-03 1.525843214677297566e-04
6.292146109610343568e-03 1.495565928803567230e-04
6.350425168595961664e-03 1.465420429510811621e-04
6.409244019356450175e-03 1.435405221383957231e-04
6.468607661546327617e-03 1.405526428872508728e-04
6.528521141127847059e-03 1.375797538899500654e-04
6.588989550799949878e-03 1.346238795906483929e-04
6.650018030431118291e-03 1.316876286571552919e-04
6.711611767496280211e-03 1.287740774885776042e-04
6.773775997517751668e-03 1.258866365746440924e-04
6.836516004510238484e-03 1.230289085059729684e-04
6.899837121430018629e-03 1.202045465857326512e-04
6.963744730628221996e-03 1.174171223466504745e-04
7.028244264308345507e-03 1.146700089600582523e-04
7.093341204987996598e-03 1.119662857315373397e-04
7.159041085964888522e-03 1.093086668441537395e-04
7.225349491787214085e-03 1.066994554721407734e-04
7.292272058728312828e-03 1.041405225545940399e-04
7.359814475265763489e-03 1.016333080486421172e-04
7.427982482564918221e-03 9.917884146840047033e-05
7.496781874966876834e-03 9.677777798597887401e-05
7.566218500481054592e-03 9.443044628878948204e-05
7.636298261282242067e-03 9.213690467016329925e-05
7.707027114212295846e-03 8.989700236333901333e-05
7.778411071286490432e-03 8.771044378419295929e-05
7.850456200204509669e-03 8.557685400024300836e-05
7.923168624866253756e-03 8.349584428307408918e-05
7.996554525892346499e-03 8.146707694488879918e-05
8.070620141149498911e-03 7.949032875642831654e-05
8.145371766280745662e-03 7.756555207843469208e-05
8.220815755240541353e-03 7.569293243526865173e-05
8.296958520834906564e-03 7.387294067712160564e-05
8.373806535266490117e-03 7.210637720939111353e-05
8.451366330684712339e-03 7.039440513329253181e-05
8.529644499741025759e-03 6.873856867512203911e-05
8.608647696149244674e-03 6.714079311792457759e-05
8.688382635251184691e-03 6.560336270646910915e-05
8.768856094587426653e-03 6.412887375514732952e-05
8.850074914473439122e-03 6.272016147370507611e-05
8.932045998580969218e-03 6.138020079259670007e-05
9.014776314524916914e-03 6.011198359693615943e-05
9.098272894455557494e-03 5.891837707247354027e-05
9.182542835656282154e-03 5.780197008075194478e-05
9.267593301146882789e-03 5.676491633892879519e-05
9.353431520292386156e-03 5.580878441803098283e-05
9.440064789417603949e-03 5.493442497691623338e-05
9.527500472427289507e-03 5.414186508958971435e-05
9.615746001432095430e-03 5.343023798518644349e-05
9.704808877380306092e-03 5.279775411079744442e-05
9.794696670695395360e-03 5.224171637090129622e-05
9.885417021919572569e-03 5.175857900625832527e-05
9.976977642363202281e-03 5.134404621075246399e-05
1.006938631476027128e-02 5.099320360681852319e-05
1.016265089392995140e-02 5.070067341840471119e-05
1.025677930744421824e-02 5.046078281299177783e-05
1.035177955630176179e-02 5.026773453117384575e-05
1.044765971560804134e-02 5.011576955812297265e-05
1.054442793526168438e-02 4.999931307577132865e-05
1.064209244064724669e-02 4.991309704023721598e-05
1.074066153333433360e-02 4.985225517858060066e-05
1.084014359178330986e-02 4.981238870638183701e-05
1.094054707205742438e-02 4.978960337592290190e-05
1.104188050854160164e-02 4.978052037490521574e-05
1.114415251466788215e-02 4.978226498337777494e-05
1.124737178364751920e-02 4.979243771609934209e-05
1.135154708920999012e-02 4.980907295394685594e-05
1.145668728634871396e-02 4.983058988095753175e-05
1.156280131207375328e-02 4.985574000713878740e-05
1.166989818617147553e-02 4.988355479853086365e-05
1.177798701197119331e-02 4.991329607738183776e-05
1.188707697711903315e-02 4.994441100043499462e-05
1.199717735435884385e-02 4.997649264968399087e-05
1.210829750232039412e-02 5.000924662627223561e-05
1.222044686631488727e-02 5.004246354650136090e-05
1.233363497913776002e-02 5.007599699931564288e-05
1.244787146187906202e-02 5.010974632172682843e-05
1.256316602474120102e-02 5.014364345789306499e-05
1.267952846786433996e-02 5.017764316090871085e-05
1.279696868215941634e-02 5.021171584651831722e-05
1.291549665014883955e-02 5.024584249122078695e-05
1.303512244681508982e-02 5.028001106483883032e-05
1.315585624045703846e-02 5.031421408614091814e-05
1.327770829355429116e-02 5.034844698090979083e-05
1.340068896363950761e-02 5.038270700032118854e-05
1.352480870417875451e-02 5.041699252195873767e-05
1.365007806546013856e-02 5.045130260655758444e-05
1.377650769549053529e-02 5.048563672210935866e-05
1.390410834090069665e-02 5.051999457527273389e-05
1.403289084785873213e-02 5.055437601021577234e-05
1.416286616299198761e-02 5.058878094900480212e-05
1.429404533431761007e-02 5.062320935709941207e-05
1.442643951218157417e-02 5.065766122373121811e-05
1.456005995020648487e-02 5.069213655094100722e-05
1.469491800624817164e-02 5.072663534756000590e-05
1.483102514336104467e-02 5.076115762596243038e-05
1.496839293077255502e-02 5.079570340034330602e-05
1.510703304486653992e-02 5.083027268582083601e-05
1.524695727017572923e-02 5.086486549797642181e-05
1.538817750038346324e-02 5.089948185262297591e-05
1.553070573933460104e-02 5.093412176569011164e-05
1.567455410205595076e-02 5.096878525316834058e-05
1.581973481578599974e-02 5.100347233108227249e-05
1.596626022101425152e-02 5.103818301547803177e-05
1.611414277253019750e-02 5.107291732241742307e-05
1.626339504048192330e-02 5.110767526797532247e-05
1.641402971144466372e-02 5.114245686823841707e-05
1.656605958949913457e-02 5.117726213930479166e-05
1.671949759731990170e-02 5.121209109728361021e-05
1.687435677727375585e-02 5.124694375829506844e-05
1.703065029252844378e-02 5.128182013847038028e-05
1.718839142817145740e-02 5.131672025395175754e-05
1.734759359233930751e-02 5.135164412089236925e-05
1.750827031735725098e-02 5.138659175545639586e-05
1.767043526088946798e-02 5.142156317381904281e-05
1.783410220710008112e-02 5.145655839216647275e-05
1.799928506782476345e-02 5.149157742669588009e-05
1.816599788375326818e-02 5.152662029361553166e-05
1.833425482562290806e-02 5.156168700914467182e-05
1.850407019542302245e-02 5.159677758951360381e-05
1.867545842761075825e-02 5.163189205096364908e-05
1.884843409033795311e-02 5.166703040974722857e-05
1.902301188668944001e-02 5.170219268212778823e-05
1.919920665593284614e-02 5.173737888437987352e-05
1.937703337477988952e-02 5.177258903278905488e-05
1.955650715865949255e-02 5.180782314365202259e-05
1.973764326300255292e-02 5.184308123327657325e-05
1.992045708453869107e-02 5.187836331798158262e-05
2.010496416260499145e-02 5.191366941409699212e-05
2.029118018046677935e-02 5.194899953796392399e-05
2.047912096665085308e-02 5.198435370593459324e-05
2.066880249629082095e-02 5.201973193437233470e-05
2.086024089248502897e-02 5.205513423965161662e-05
2.105345242766706176e-02 5.209056063815808806e-05
2.124845352498882720e-02 5.212601114628851118e-05
2.144526075971667570e-02 5.216148578045080864e-05
2.164389086064020390e-02 5.219698455706409747e-05
2.184436071149426298e-02 5.223250749255862134e-05
2.204668735239409885e-02 5.226805460337587253e-05
2.225088798128369363e-02 5.230362590596846991e-05
2.245697995539773853e-02 5.233922141680025388e-05
2.266498079273692942e-02 5.237484115234629985e-05
2.287490817355701880e-02 5.241048512909284376e-05
2.308677994187169694e-02 5.244615336353734982e-05
2.330061410696924670e-02 5.248184587218855115e-05
2.351642884494348565e-02 5.251756267156637526e-05
2.373424250023866214e-02 5.255330377820199828e-05
2.395407358720877053e-02 5.258906920863785846e-05
2.417594079169130966e-02 5.262485897942765622e-05
2.439986297259550199e-02 5.266067310713634056e-05
2.462585916350546605e-02 5.269651160834014976e-05
2.485394857429798487e-02 5.273237449962660456e-05
2.508415059277538731e-02 5.276826179759446753e-05
2.531648478631355614e-02 5.280417351885387180e-05
2.555097090352506997e-02 5.284010968002619910e-05
2.578762887593800956e-02 5.287607029774418142e-05
2.602647881969004373e-02 5.291205538865182643e-05
2.626754103723835665e-02 5.294806496940450560e-05
2.651083601908538895e-02 5.298409905666892031e-05
2.675638444552045150e-02 5.302015766712310865e-05
2.700420718837772543e-02 5.305624081745643860e-05
2.725432531281027707e-02 5.309234852436966226e-05
2.750676007908064644e-02 5.312848080457491587e-05
2.776153294436800936e-02 5.316463767479563847e-05
2.801866556459195468e-02 5.320081915176673454e-05
2.827817979625341094e-02 5.323702525223443169e-05
2.854009769829237569e-02 5.327325599295642297e-05
2.880444153396297807e-02 5.330951139070172457e-05
2.907123377272578454e-02 5.334579146225079779e-05
2.934049709215787172e-02 5.338209622439558293e-05
2.961225437988034351e-02 5.341842569393934339e-05
2.988652873550382699e-02 5.345477988769685549e-05
3.016334347259197121e-02 5.349115882249430673e-05
3.044272212064302874e-02 5.352756251516935010e-05
3.072468842709003348e-02 5.356399098257109720e-05
3.100926635931926592e-02 5.360044424156009123e-05
3.129648010670750546e-02 5.363692230900840856e-05
3.158635408267818773e-02 5.367342520179957068e-05
3.187891292677645649e-02 5.370995293682857808e-05
3.217418150676371741e-02 5.374650553100198476e-05
3.247218492073129098e-02 5.378308300123778307e-05
3.277294849923381714e-02 5.381968536446551211e-05
3.307649780744242179e-02 5.385631263762623061e-05
3.338285864731761060e-02 5.389296483767255764e-05
3.369205705980267418e-02 5.392964198156857767e-05
3.400411932703706341e-02 5.396634408628995583e-05
3.431907197459042880e-02 5.400307116882397854e-05
3.463694177371734462e-02 5.403982324616934344e-05
3.495775574363275268e-02 5.407660033533644400e-05
3.528154115380883332e-02 5.411340245334722045e-05
3.560832552629277642e-02 5.415022961723517332e-05
3.593813663804625719e-02 5.418708184404541088e-05
3.627100252330648505e-02 5.422395915083464237e-05
3.660695147596902677e-02 5.426086155467115766e-05
3.694601205199302130e-02 5.429778907263489501e-05
3.728821307182833555e-02 5.433474172181742076e-05
3.763358362286532699e-02 5.437171951932191576e-05
3.798215306190736579e-02 5.440872248226320926e-05
3.833395101766601254e-02 5.444575062776773824e-05
3.868900739327975347e-02 5.448280397297367619e-05
3.904735236885559929e-02 5.451988253503079076e-05
3.940901640403447759e-02 5.455698633110055222e-05
3.977403024058037001e-02 5.459411537835607924e-05
4.014242490499322219e-02 5.463126969398222698e-05
4.051423171114647281e-02 5.466844929517551254e-05
4.088948226294860516e-02 5.470565419914416919e-05
4.126820845702951907e-02 5.474288442310811924e-05
4.165044248545184818e-02 5.478013998429902829e-05
4.203621683844713935e-02 5.481742089996027807e-05
4.242556430717776828e-02 5.485472718734698682e-05
4.281851798652411278e-02 5.489205886372604314e-05
4.321511127789762208e-02 5.492941594637601113e-05
4.361537789208005944e-02 5.496679845258731337e-05
4.401935185208874501e-02 5.500420639966207501e-05
4.442706749606882555e-02 5.504163980491420517e-05
4.483855948021186338e-02 5.507909868566936975e-05
4.525386278170166754e-02 5.511658305926509991e-05
4.567301270168747096e-02 5.515409294305069715e-05
4.609604486828433600e-02 5.519162835438721983e-05
4.652299523960189143e-02 5.522918931064758473e-05
4.695390010680058207e-02 5.526677582921653325e-05
4.738879609717651376e-02 5.530438792749063810e-05
4.782772017727485170e-02 5.534202562287829662e-05
4.827070965603182801e-02 5.537968893279975779e-05
4.871780218794630885e-02 5.541737787468713585e-05
4.916903577628026212e-02 5.545509246598437640e-05
4.962444877628913176e-02 5.549283272414735804e-05
5.008407989848212560e-02 5.553059866664377715e-05
5.054796821191240297e-02 5.556839031095324281e-05
5.101615314749833457e-02 5.560620767456727676e-05
5.148867450137492585e-02 5.564405077498931341e-05
5.196557243827657629e-02 5.568191962973461175e-05
5.244688749495118874e-02 5.571981425633045865e-05
5.293266058360561466e-02 5.575773467231599941e-05
5.342293299538352497e-02 5.579568089524236657e-05
5.391774640387499845e-02 5.583365294267259179e-05
5.441714286865893119e-02 5.587165083218168036e-05
5.492116483887789224e-02 5.590967458135659771e-05
5.542985515684668851e-02 5.594772420779625579e-05
5.594325706169377826e-02 5.598579972911157411e-05
5.646141419303667142e-02 5.602390116292543229e-05
5.698437059469142058e-02 5.606202852687264970e-05
5.751217071841613349e-02 5.610018183859994485e-05
5.804485942768977669e-02 5.613836111576578629e-05
5.858248200152536139e-02 5.617656637604007412e-05
5.912508413831875365e-02 5.621479763710318455e-05
5.967271195973316428e-02 5.625305491664382858e-05
6.022541201461927701e-02 5.629133823235421379e-05
6.078323128297229844e-02 5.632964760191854495e-05
6.134621717992506246e-02 5.636798304298749115e-05
6.191441755977841049e-02 5.640634457312169200e-05
6.248788072006894456e-02 5.644473220966844326e-05
6.306665540567406303e-02 5.648314596949866257e-05
6.365079081295571539e-02 5.652158586845358720e-05
6.424033659394190465e-02 5.656005192020263487e-05
6.483534286054720708e-02 5.659854413392514228e-05
6.543586018883235100e-02 5.663706250968822154e-05
6.604193962330305590e-02 5.667560702939107673e-05
6.665363268124913088e-02 5.671417763933713836e-05
6.727099135712336087e-02 5.675277421728833741e-05
6.789406812696105464e-02 5.679139651129882339e-05
6.852291595284064341e-02 5.683004402820273791e-05
6.915758828738524655e-02 5.686871583401617949e-05
6.979813907830660635e-02 5.690741020323927818e-05
7.044462277299036457e-02 5.694612401412150880e-05
7.109709432312431854e-02 5.698485172548160154e-05
7.175560918936928212e-02 5.702358367853009537e-05
7.242022334607314815e-02 5.706230333290372719e-05
7.309099328602911005e-02 5.710098285646691399e-05
7.376797602527730702e-02 5.713957622932176169e-05
7.445122910795134996e-02 5.717800868145923166e-05
7.514081061116970051e-02 5.721616085361585699e-05
7.583677914997190295e-02 5.725384555629966951e-05
7.653919388230147336e-02 5.729077442524563985e-05
7.724811451403400253e-02 5.732651118255151505e-05
7.796360130405229072e-02 5.736040769717568142e-05
7.868571506936851423e-02 5.739151872489594983e-05
7.941451719029339607e-02 5.741849126961438312e-05
8.015006961565404597e-02 5.743942515695290056e-05
8.089243486805938743e-02 5.745170287953040608e-05
8.164167604921464261e-02 5.745178928036917369e-05
8.239785684528519449e-02 5.743500534421431685e-05
8.316104153230961804e-02 5.739528530078780464e-05
8.393129498166364277e-02 5.732493225350527698e-05
8.470868266557401993e-02 5.721439422550238571e-05
8.549327066268376518e-02 5.705208916708373921e-05
8.628512566366895731e-02 5.682431311571679584e-05
8.708431497690724554e-02 5.651526914030240796e-05
8.789090653419955046e-02 5.610725464340742425e-05
8.870496889654402861e-02 5.558103985228744022e-05
8.952657125996391074e-02 5.491646006751051037e-05
9.035578346138929684e-02 5.409322823299611988e-05
9.119267598459297741e-02 5.309195325190632186e-05
9.203731996618221001e-02 5.189532476802638614e-05
9.288978720164497993e-02 5.048939937283932795e-05
9.375015015145289621e-02 4.886489963784997954e-05
9.461848194722001504e-02 4.701841962293414068e-05
9.549485639791965852e-02 4.495342201692937217e-05
9.637934799615785475e-02 4.268091549599002980e-05
9.727203192450536995e-02 4.021971756763764933e-05
9.817298406188841586e-02 3.759623767651170193e-05
9.908228099003797695e-02 3.484375533608427279e-05
1.000000000000000056e-01 3.200121441362486298e-05
